.Random.seed <-
c(403L, 10L, 1448548168L, -1518750901L, -1290495319L, 405663736L, 
-213631194L, -2003189695L, -1602096685L, -1403200638L, -2108952652L, 
-940185801L, -763183571L, 1753919300L, -1549325206L, -706210091L, 
1958412399L, 735723894L, 1295370912L, -1436977309L, -1629823999L, 
1774520176L, -1727246578L, -1836013191L, -666952437L, 1593959994L, 
-1698857668L, -2000555393L, -575997483L, -1871202324L, 1823623490L, 
1109153437L, 321913623L, -866119042L, 1327735352L, -393792229L, 
1815396985L, 1676279496L, 656144118L, -550314191L, -1164175517L, 
-1181528782L, 1218752132L, -268809529L, 46115229L, -1499742956L, 
-1523182662L, -81824251L, -213665825L, -811692442L, 1238145520L, 
123991827L, 2029861041L, 1868720992L, -1019832066L, 1536542857L, 
1796855739L, 2044055946L, 691126380L, 954638831L, 1743354405L, 
409243356L, -2088672078L, -1991858259L, -42787993L, -317212530L, 
917861736L, -473995925L, -1739520247L, 1359575448L, 1951441094L, 
702218785L, -310506829L, 740309026L, -101940716L, 539707031L, 
-1908893555L, -973357660L, 952237962L, -1686705163L, -193953201L, 
-2072988330L, 831827968L, -1319841469L, 298605793L, 1446327888L, 
314428078L, -1273377191L, -1217505685L, -30712870L, -203608932L, 
1786947231L, 616934645L, -1406710388L, -102819742L, -1912522691L, 
474694327L, -432322210L, -683224936L, 1536564219L, 1973422489L, 
-811107800L, 301161174L, 1984253777L, 1997017603L, 772859282L, 
-1351949532L, 1108850151L, 910819901L, -1750319948L, 258800410L, 
-511963035L, 1440209151L, 523508102L, -1798279408L, 536345523L, 
-1401505711L, -99062784L, 1312812254L, -427081943L, -331488549L, 
-343385622L, -1274470004L, -1137211697L, -1393796475L, 492106044L, 
-2122785774L, 1738896141L, 1950056519L, -46403026L, 141933448L, 
-1731766645L, 2090625129L, 649393208L, -1384319770L, -185582463L, 
-532554733L, 725564354L, 392791156L, -1913144713L, 2096194413L, 
-1263684604L, 466513706L, -1651282795L, 697199407L, 599718454L, 
-1385857440L, 1561353379L, -1939884095L, 912819120L, 1630725838L, 
532968505L, -978728373L, -118448134L, -304055556L, -842510529L, 
1512824853L, 1583592236L, -1721804798L, 658825949L, -1184724521L, 
1931494590L, 130760440L, -110514981L, -890360007L, 1698499208L, 
2071227958L, 733945457L, 1135295651L, 900494834L, 1491481924L, 
-1277823481L, 2078389213L, 1831869652L, 2081620986L, 2025681733L, 
715958175L, 1432907046L, 2110207408L, 1924329043L, -1283200655L, 
1248264352L, 734842942L, 1182824265L, -313008645L, 1816789450L, 
-431804628L, -695005393L, 429587941L, 1039712412L, 79553778L, 
-166191763L, -2006455641L, 1256424654L, -2073875928L, 758118955L, 
-1978838967L, 937955672L, -544159738L, 609991137L, 1898824563L, 
504436706L, 2125807444L, 2141123159L, 2066719309L, 454378980L, 
-1312809014L, 319365685L, 1893116047L, 313579926L, 639722816L, 
283441155L, -768644575L, -532452080L, 1686741742L, -1400127847L, 
-1142161621L, -46040550L, 903702748L, -858544929L, -1151851851L, 
161936460L, 794511522L, -391378947L, 800814327L, -870604258L, 
-101999400L, -508927941L, -1051186727L, 1500747788L, 916467424L, 
-2058335646L, -978985304L, -800082356L, 1043340156L, -1574857422L, 
1361403504L, -507278524L, 414471128L, -748818566L, -1714515408L, 
-712143940L, 1046798932L, 460917826L, -1744963424L, 2115826364L, 
883334608L, -707938462L, -850021656L, -918285108L, 1506037244L, 
-1599227406L, -1563519360L, -2086484492L, 1649959560L, -676612294L, 
1803706192L, 1450318956L, -24023660L, 215047250L, 234645984L, 
1201222860L, 2139537568L, 1466165634L, -1528448792L, 1721742060L, 
1950594364L, -1944093582L, 1579574384L, 815410212L, 1336033336L, 
998677274L, 326524112L, -856831172L, 1703344020L, -749711486L, 
2103551424L, 1785377340L, -159569520L, 319859234L, -1507324664L, 
-1038984564L, -2007234788L, 78504082L, -241491584L, 240353812L, 
-1469496536L, 893978170L, -1920742960L, -2146183828L, 286303156L, 
-508015598L, 1302720992L, 95159244L, 1471774944L, -1133176798L, 
-307434200L, 784332300L, -16157892L, -1564965902L, -182599952L, 
-310052284L, -1489527208L, -1987562694L, 1343996400L, 1302044348L, 
872140052L, -223838526L, 542793824L, 1748322172L, 1604066256L, 
1952976162L, -1052580184L, 1723091852L, 89939132L, -1512720590L, 
186520128L, -11302732L, -1019385272L, 1954999738L, 72659472L, 
-875069716L, 863296852L, 1998923026L, 1969396128L, -1838416180L, 
-599591328L, 1909957570L, 125485864L, 856398764L, -875700420L, 
738045298L, -1645453520L, -82270940L, -401667272L, 1960558298L, 
1016492944L, 113163004L, 887739284L, 1506459714L, -2139635456L, 
-740756420L, -1441909424L, -1821306718L, 1723432264L, 1235057420L, 
154710748L, -16236206L, 1279918208L, -1273365420L, 597863400L, 
-942029574L, -1255727280L, -1019891924L, -995054220L, 1122832274L, 
985709664L, 596903308L, 429964128L, 713139682L, -110828632L, 
-835686196L, 115178492L, -1831022158L, -1121870352L, 497971140L, 
1614848344L, 433653114L, 1497034672L, 1973491132L, 1468994644L, 
878847938L, -1179064288L, -22845252L, -4352432L, -390320158L, 
-562190232L, 296673356L, -1727326980L, -1392199694L, 1106328832L, 
-2102094476L, 846546952L, 736654266L, -593025584L, -539848724L, 
-1254707820L, -915580462L, -266985120L, 233315148L, 1822574880L, 
-234051710L, -1423554840L, 14872812L, -1908414404L, 685985650L, 
-434921872L, 1731419172L, 927074104L, 723588250L, -1372380464L, 
2085423292L, -57518444L, 452869762L, -1318532928L, 1610702652L, 
-1100861296L, -1719142878L, -1453786104L, 309140748L, -190440292L, 
-34033134L, -2141797504L, -1685719532L, 1709209128L, 1101258042L, 
-910567984L, 575172716L, 1354933556L, -2042510702L, -1087973536L, 
-1128378548L, -1728901152L, -1197700190L, -335303768L, -32253556L, 
-231734084L, 380514674L, -1897238288L, 213090372L, -2135126696L, 
931734074L, -733208720L, -1022759876L, -1424995564L, 227366338L, 
-1066674464L, 517272444L, -496364848L, -1793436510L, 18442280L, 
668354828L, 1261392828L, -1255373518L, 356565440L, 823128628L, 
1018218440L, -1011194694L, -2141087344L, 1324081644L, 1845116500L, 
564063378L, 1076771616L, -1088953908L, 1597832672L, -1347424574L, 
-119871668L, 1444803290L, 606779087L, -931244391L, 262179502L, 
737671100L, 2146922541L, 385920983L, 864405024L, 376137598L, 
2035992907L, -589632691L, 1502124410L, 291208120L, -1462075039L, 
-1933636333L, -673213132L, 807731010L, 288972631L, -1579929951L, 
89030502L, 1243642212L, 1084546197L, -154823233L, 1167112536L, 
682850166L, 1258259843L, 412647365L, -1353579294L, -939720368L, 
-3874695L, 840704939L, -901920484L, 628375114L, -1541842369L, 
-1371631991L, -1237747042L, 566708044L, 2065833757L, 1319935655L, 
-1588832816L, 1013681518L, -405610469L, 1593725309L, 1505019754L, 
622232072L, 1964762801L, 1469636899L, -442715612L, -1077405486L, 
-524103385L, -549332111L, 721881526L, -130309804L, -1323524123L, 
-26969617L, -2009251544L, -1531340410L, -716814925L, -880015083L, 
1899445106L, 436836288L, 670832681L, 1353880731L, -33934996L, 
1350039930L, 325294767L, -56487495L, -1613505586L, -1365204196L, 
1864202893L, -1875107081L, 944834048L, -243130274L, 951450411L, 
1926854701L, -1481695078L, 288351320L, 2028544961L, 1098796147L, 
-1116031596L, 708332578L, -2006774985L, -1974546943L, -1597317370L, 
1351922500L, 718456437L, 840259551L, 1618340664L, -458187498L, 
-200113885L, 1380371173L, 1195082498L, 530188656L, -1643896551L, 
1359708427L, 1551311356L, -1463895510L, -487732641L, 511187433L, 
-1389964546L, -345023764L, -1707759043L, -19297785L, 557227504L, 
-356512370L, -469331013L, 1782975901L, -2032233654L, 1964992360L, 
-830879407L, -822580669L, 718393156L, -352984078L, 541768135L, 
441315217L, -558737642L, 2085397364L, 1652513285L, 221301327L, 
461284936L, 317507558L, 2105952531L, -855026059L, 1171352658L, 
-1050024288L, -666188919L, 593616827L, -424239092L, 1602801050L, 
-2132611825L, -1742326951L, 255217134L, 134637692L, 322469101L, 
-1389216873L, -2127518624L, 2030110270L, -1230467317L, 1485288845L, 
-254083398L, 678104312L, -1157698911L, -742446509L, 1747080564L, 
-2049295614L, 1200647063L, -288178847L, -1108861530L, -270655580L, 
